10
1000
1014
1020
1025
1028
1034
1040
1082
110
12
1275
1277
1278
1284
1287
129
1292
1293
1296
1300
1302
1306
1307
1308
131
1317
1319
132
1321
1323
1325
1326
1340
1374
1382
1383
1386
14
1403
1410
1415
1421
1427
1441
1444
1446
1450
1496
1508
1511
1546
1558
1586
1659
1660
168
1680
1707
1716
1747
1748
1749
1751
1752
1754
1757
1759
1764
1766
1768
1769
1780
1782
1784
1797
180
1822
1823
1824
1827
1878
1957
2003
2022
2081
2091
2120
2172
2215
2222
2223
2245
2246
2267
2287
2310
2332
2335
24
2418
250
2535
2565
2566
2579
261
2618
2619
262
2655
2659
2662
2667
2669
2673
2677
2680
2688
269
2690
2692
2695
2697
2699
270
2701
2704
2706
2711
2715
2718
2721
2724
2727
2733
2736
2740
28
2812
2813
2818
2841
2842
2843
2845
2847
2860
288
2887
2888
2889
2890
2891
297
2980
2981
2982
2983
2984
2990
2991
2993
30
3002
3004
3008
3013
3079
3110
3159
3163
3164
3165
3210
3214
3226
3227
3238
3239
326
3272
3304
3305
3341
3346
3347
3375
338
342
3432
3433
3435
3438
3439
3440
3444
345
3450
3462
347
3470
3471
3472
349
350
3507
3508
3509
351
352
353
354
355
356
357
3578
3579
358
359
3592
360
3602
361
362
363
3631
364
3641
3646
365
3650
3651
3652
3653
3655
3656
367
3672
3673
3674
3678
368
369
3695
3696
370
3701
3702
3704
371
372
373
374
375
376
3761
3763
3764
3767
3770
3773
3775
3777
3779
378
3781
3787
379
3791
3795
3798
3799
380
3801
3802
3807
3809
381
3810
382
3821
383
384
385
3850
3858
386
3861
387
388
389
3896
390
391
392
393
394
3943
3944
398
3999
4
4005
4006
4012
4013
403
405
4106
4107
4109
412
413
4131
4133
4134
4135
4220
4355
4356
4357
4358
4363
4364
4384
4399
4402
4403
4421
4424
4443
4444
4458
4500
4501
4505
4507
4522
4524
4546
4547
4549
4550
4551
4569
4570
4571
4578
4597
4599
4600
4601
4602
4690
4692
4694
4695
4696
4697
4698
4701
4702
4703
4704
4751
4754
4755
4756
4757
4766
4768
4802
4857
4859
4864
4867
4868
4869
4871
4873
4875
4888
492
497
5012
5014
5043
5045
5054
5057
5059
5061
5063
5065
5067
5069
5070
5073
5076
5078
5080
5082
5086
5090
5092
5094
5142
5169
5240
5249
5257
5323
5325
5327
5387
5501
561
564
565
5656
566
640
641
6609
6768
6780
6783
6804
6806
6809
6811
6812
6819
6822
6831
6836
6901
6941
6947
6948
6949
6954
6957
6958
6959
6960
6967
6973
6978
7003
7024
7025
7026
7027
7029
7035
7036
7037
7040
7045
7047
7048
7050
7051
7052
7053
7060
7074
7075
7080
7088
7095
710
7110
7111
7115
714
7206
7213
7226
7228
7231
725
7255
7277
7313
7321
7323
7326
7330
7334
7338
7340
7342
7345
7346
7347
735
7355
7357
7360
7361
7369
7371
7372
7373
7374
7380
7381
7382
7383
7384
7385
7386
7387
7389
7390
7392
7402
743
7434
744
745
7496
7502
7511
7515
7516
7518
7520
7522
7524
7525
7531
7532
7534
7536
7539
7542
7544
7549
7552
7555
7557
7559
7560
7561
7562
7563
7565
7568
7575
7576
7579
7582
7583
7584
7585
7586
7587
7601
7603
7607
7608
7609
7611
7613
7614
7618
7619
7624
7625
7626
7627
7630
7637
7640
7645
7655
7658
7661
7665
7666
7667
7668
7669
7670
7671
7673
7679
7680
7681
7684
7685
7689
7692
7706
7708
7709
7710
7711
7712
7715
7726
7744
7768
7769
777
7770
7771
7773
7775
7776
7777
7781
7783
7786
7788
7789
7791
7792
7793
7794
7795
7796
7801
7805
7807
7808
7809
7813
7814
7815
7819
7820
7825
7829
7832
7834
7835
7836
7837
7842
7850
7856
7859
7860
7861
7862
7863
7869
7870
7871
7873
7876
7881
7882
7883
7887
7889
7890
7891
7892
7893
7895
7897
7902
7904
7906
7914
7915
7917
7918
7919
7920
7921
7922
7926
7927
7929
7930
7931
7932
7934
7935
7936
7937
7938
7941
7942
7944
7945
7951
7961
7962
7963
7964
7965
7966
7968
7970
7971
7977
7978
7980
7985
7987
7988
7989
7990
7991
7992
7993
7994
7995
7997
7999
8000
8001
8002
8003
8004
8005
8006
8008
8009
804
805
806
818
819
823
8279
828
8280
8285
8287
8288
8289
829
8290
8292
8293
8295
8297
8301
8303
8304
832
8325
8327
8328
833
8335
8336
8337
834
8345
835
8352
8353
8354
8376
8378
838
8380
8381
8493
8494
8495
8496
8498
850
8500
8501
8502
8503
8504
8506
8507
8508
8509
8513
8514
8515
8519
8520
8521
8523
8524
8525
8534
8535
8536
8537
8539
8540
8541
8542
8544
8545
8546
8547
8548
8550
8551
8552
8556
8557
8558
8559
8560
8561
8562
8564
8565
8566
861
897
898
922
923
960
961
964
965
973
984
985
986
987
995
998
999